      0/19        0G   0.06848  0.009907   0.03587    0.1143         3       320    0.2852    0.2841    0.2492   0.09482   0.08732   0.01377   0.03901
      1/19        0G   0.05493     0.011   0.02732   0.09324         3       320    0.4426    0.4373    0.4022     0.167   0.07617   0.01453   0.03374
      2/19        0G   0.05146   0.01163   0.02442   0.08751         3       320    0.4835    0.4019    0.3678    0.1513   0.07773   0.01448   0.03004
      3/19        0G   0.04837    0.0122   0.02275   0.08332         7       320    0.5088    0.3636    0.3721     0.163   0.07505   0.01459   0.02905
      4/19        0G   0.04536   0.01234   0.02113   0.07883         2       320    0.5864    0.3956    0.4506    0.2159   0.07112   0.01511   0.02781
      5/19        0G   0.04359   0.01275   0.01997   0.07632         9       320    0.5509    0.4626    0.4614    0.2236   0.07086   0.01501   0.02751
      6/19        0G   0.04227   0.01261   0.01922   0.07409         2       320    0.5243    0.4632    0.4765    0.2412   0.07165   0.01484   0.02649
      7/19        0G   0.04181   0.01248    0.0187   0.07299         2       320    0.5774    0.4618    0.4938    0.2567   0.06927   0.01508   0.02617
      8/19        0G   0.04085    0.0128   0.01848   0.07213        14       320    0.6078       0.5    0.5258    0.2682   0.06824   0.01514   0.02563
      9/19        0G   0.04036    0.0125   0.01748   0.07034         9       320    0.6105    0.5157    0.5406    0.2877   0.06761   0.01529   0.02536
     10/19        0G   0.03942   0.01262   0.01721   0.06925         3       320    0.6224    0.5192    0.5421    0.2999   0.06636   0.01548   0.02539
     11/19        0G   0.03888   0.01256   0.01651   0.06795         5       320    0.6301    0.5369    0.5651    0.3219   0.06565   0.01565   0.02443
     12/19        0G   0.03796    0.0125   0.01617   0.06663         3       320     0.694    0.5283    0.5904    0.3439   0.06412   0.01562   0.02441
     13/19        0G   0.03729   0.01247   0.01535   0.06511         1       320    0.6667    0.5428    0.5818     0.337   0.06341   0.01573   0.02393
     14/19        0G   0.03693   0.01231   0.01525   0.06449         5       320    0.6488    0.5695    0.5966     0.357   0.06177   0.01602   0.02371
     15/19        0G   0.03633    0.0124   0.01478   0.06352         1       320    0.7251    0.5519     0.606    0.3732    0.0617   0.01576   0.02351
     16/19        0G    0.0356   0.01241   0.01456   0.06257         3       320    0.7059    0.5717    0.6188    0.3838   0.06139    0.0158   0.02311
     17/19        0G   0.03522   0.01218   0.01423   0.06162         1       320    0.6928    0.5837    0.6256    0.3942   0.06022   0.01604   0.02308
     18/19        0G   0.03475   0.01221   0.01378   0.06074         0       320    0.7362    0.5777    0.6311    0.4037   0.06057   0.01574   0.02276
     19/19        0G   0.03473   0.01225   0.01384   0.06083         9       320    0.7328    0.5673    0.6272    0.3986   0.05984   0.01585   0.02287
